2 2 2
0.9 0.9
1 0.9
10 20 10
0.1 0.9 0.8 1 0.9 0.8 1 0.9 0.8 0.2
1 0.9 0.8 1 0.9 0.8 1 0.9 0.8 0.8
0.9 0.9 0.9 0.9 0.9 0.9 0.9 0.9 0.9 0.7
0.2 0.23 0.56 0.2 0.23 0.56 0.2 0.23 0.56 0.88
0.56 0.2 0.23 0.56 0.88 0.56 0.2 0.23 0.56 0.88
0.37 0.99 0.12 0.82 0.47 0.37 0.99 0.12 0.82 0.47
0.82 0.47 0.37 0.99 0.12 0.82 0.47 0.37 0.99 0.12
0.37 0.99 0.12 0.82 0.472 0.373 0.99 0.12 0.82 0.47
0.472 0.373 0.99 0.12 0.82 0.472 0.373 0.99 0.12 0.82
0.1 0.9 0.8 1 0.9 0.8 1 0.9 0.8 0.2
1 0.9 0.8 1 0.9 0.8 1 0.9 0.8 0.8
0.9 0.9 0.9 0.9 0.9 0.9 0.9 0.9 0.9 0.7
0.2 0.23 0.56 0.2 0.23 0.56 0.2 0.23 0.56 0.88
0.56 0.2 0.23 0.56 0.88 0.56 0.2 0.23 0.56 0.88
0.37 0.99 0.12 0.82 0.47 0.37 0.99 0.12 0.82 0.47
0.82 0.47 0.37 0.99 0.12 0.82 0.47 0.37 0.99 0.12
0.37 0.99 0.12 0.82 0.472 0.373 0.99 0.12 0.82 0.47
0.472 0.373 0.99 0.12 0.82 0.472 0.373 0.99 0.12 0.82
0.56 0.88 0.56 0.2 0.23 0.373 0.99 0.12 0.82 0.472
0.472 0.373 0.99 0.12 0.82 0.82 0.472 0.373 0.99 0.33
0 0 0
